0
4
6
7
8
10
11
12
13
14
14
18
18
20
21
23
23
25
25
27
28
31
33
33
35
36
37
39
39
42
45
45
45
46
46
46
48
49
49
51
55
55
56
58
60
61
62
63
63
64
65
65
67
68
68
68
70
71
72
74
74
75
77
77
78
78
78
79
80
80
83
86
86
88
88
90
90
90
90
91
91
92
93
93
93
96
96
96
98
99
100
104
104
106
107
108
109
109
110
112
112
112
113
114
115
117
119
119
120
120
121
121
123
124
125
125
127
128
128
130
130
131
132
133
133
133
134
135
135
136
138
138
140
141
141
141
142
143
144
144
145
145
146
148
150
151
155
157
157
158
159
160
160
161
161
163
163
163
164
164
166
166
168
168
170
171
172
172
173
174
176
176
177
177
178
180
180
181
184
184
186
187
187
190
190
190
191
195
196
196
197
198
198
198
201
202
202
208
208
209
210
212
214
215
216
216
216
222
222
223
225
226
226
231
231
235
235
236
236
236
237
239
240
240
241
241
241
241
242
243
245
248
248
249
249
249
250
251
252
252
252
253
254
256
257
258
258
260
260
261
262
263
263
264
265
265
267
269
270
273
274
274
275
277
277
278
279
280
280
281
282
283
283
283
283
285
285
286
286
286
287
287
288
290
292
292
294
294
294
294
295
296
297
298
299
301
301
301
302
302
303
304
304
307
308
308
309
309
309
311
312
313
315
315
318
319
319
319
321
321
321
325
325
327
327
328
329
331
332
332
332
333
333
333
334
337
337
339
340
340
341
343
344
344
345
347
347
349
352
353
353
355
357
359
359
359
360
361
364
364
365
365
366
367
368
369
371
373
375
376
377
379
383
383
384
384
384
386
386
388
388
390
390
391
391
391
392
392
392
394
395
397
397
399
400
400
402
402
403
404
404
406
407
410
411
412
415
417
417
418
418
418
420
420
420
422
422
425
425
427
427
428
429
430
435
435
436
436
437
439
440
441
441
442
442
442
443
443
444
446
446
447
447
449
450
451
452
452
453
455
456
458
458
458
459
461
461
462
465
465
466
466
466
467
469
469
469
470
471
473
475
475
476
476
478
480
480
481
481
483
484
484
485
487
488
488
488
489
489
490
492
493
493
495
495
496
496
498
498
499
499
501
503
505
506
506
507
508
512
513
513
513
514
515
515
517
519
519
519
522
522
522
523
524
529
530
532
533
535
535
536
537
537
540
541
541
542
542
543
544
546
546
548
548
549
550
551
551
552
553
556
556
557
557
557
558
560
561
561
564
565
567
569
570
570
571
571
572
576
577
579
579
582
582
583
584
584
586
587
587
587
588
588
589
590
591
591
591
593
594
594
594
595
595
596
599
600
600
601
602
602
603
604
605
608
612
612
613
613
613
614
618
618
618
622
622
623
623
625
626
628
628
629
629
630
630
633
637
637
639
641
648
649
649
649
650
651
651
652
654
655
656
657
657
658
659
659
660
661
661
664
664
665
666
668
669
669
669
671
671
673
674
674
675
675
676
679
679
682
683
683
683
684
685
685
687
690
691
692
692
694
695
696
696
698
698
698
698
699
700
700
702
703
703
703
704
704
704
704
704
705
705
706
707
707
709
711
711
712
715
716
717
718
718
719
721
722
723
723
726
726
727
730
730
731
732
733
736
737
738
739
739
740
744
745
745
745
746
748
748
749
751
754
754
754
755
755
756
757
759
759
762
763
764
765
765
765
767
768
768
769
769
770
770
771
776
777
778
778
779
779
779
781
781
781
782
783
783
784
784
785
786
790
790
791
791
792
793
794
796
798
798
800
800
805
806
806
806
807
810
813
813
813
813
815
816
817
817
818
819
819
820
821
823
823
824
825
826
826
826
826
828
829
829
829
830
831
834
836
836
836
837
837
837
838
839
841
845
848
849
849
851
854
854
855
855
857
857
860
860
862
863
864
864
865
865
865
866
867
869
870
870
872
872
873
875
875
877
877
879
881
882
883
883
884
885
885
886
892
893
894
896
896
897
899
899
900
900
900
901
901
902
903
905
905
905
905
905
905
905
906
906
909
909
911
912
914
914
915
916
917
918
918
918
922
922
924
924
925
927
927
928
928
929
930
932
933
934
935
935
936
937
938
939
939
940
940
942
942
942
945
946
947
947
947
947
947
949
950
952
952
952
953
953
954
954
954
955
956
957
957
957
959
960
960
960
961
961
961
962
964
965
965
966
966
966
966
966
967
967
967
968
969
971
972
972
972
973
975
975
975
977
979
982
982
984
984
985
985
985
985
986
992
992
993
993
993
993
995
996
997
998
998
999
999
1000
1000
1004
1007
1009
1011
1012
1013
1014
1016
1016
1020
1020
1023
1023
1023
1023
1024
1024
1026
1026
1027
1028
1030
1032
1034
1036
1036
1037
1038
1039
1041
1041
1046
1047
1047
1047
1047
1050
1050
1052
1052
1055
1055
1056
1057
1057
1058
1058
1059
1059
1059
1060
1061
1062
1063
1063
1064
1065
1065
1066
1066
1067
1068
1068
1069
1072
1074
1075
1076
1076
1076
1076
1079
1081
1081
1084
1085
1086
1087
1088
1089
1092
1093
1093
1094
1095
1096
1097
1097
1097
1097
1097
1098
1098
1100
1100
1101
1104
1106
1106
1107
1107
1108
1108
1109
1111
1113
1114
1115
1116
1116
1116
1118
1119
1119
1120
1120
1120
1121
1122
1123
1124
1125
1125
1127
1128
1128
1132
1132
1133
1137
1137
1138
1139
1139
1142
1143
1146
1147
1147
1147
1147
1148
1149
1152
1152
1152
1153
1153
1154
1156
1156
1156
1156
1157
1158
1158
1161
1163
1163
1164
1165
1168
1168
1169
1169
1170
1170
1170
1171
1171
1172
1173
1178
1179
1182
1184
1184
1184
1185
1187
1187
1190
1191
1191
1192
1193
1193
1195
1196
1196
1197
1198
1199
1200
1201
1205
1205
1206
1207
1208
1210
1211
1212
1212
1214
1215
1216
1216
1219
1219
1219
1219
1220
1220
1221
1222
1223
1224
1225
1225
1228
1228
1229
1230
1230
1231
1234
1237
1237
1237
1238
1238
1238
1242
1243
1244
1246
1246
1247
1248
1249
1251
1251
1251
1251
1253
1255
1255
1255
1256
1257
1257
1257
1258
1259
1260
1260
1263
1264
1264
1266
1266
1267
1268
1270
1270
1271
1271
1272
1272
1273
1274
1274
1275
1276
1278
1279
1279
1281
1281
1283
1283
1283
1287
1287
1287
1289
1290
1290
1292
1292
1292
1295
1296
1296
1299
1301
1302
1304
1304
1305
1309
1312
1312
1312
1313
1313
1314
1314
1314
1315
1316
1318
1320
1321
1323
1323
1323
1325
1328
1328
1330
1331
1333
1336
1340
1340
1341
1344
1348
1348
1350
1351
1351
1352
1355
1357
1357
1357
1357
1358
1360
1360
1363
1365
1366
1367
1368
1369
1372
1372
1373
1373
1377
1380
1381
1382
1382
1383
1383
1384
1385
1386
1386
1388
1388
1388
1390
1391
1391
1395
1396
1396
1396
1398
1398
1399
1400
1401
1402
1402
1403
1407
1407
1407
1410
1410
1411
1411
1412
1412
1413
1414
1414
1414
1416
1416
1418
1419
1419
1419
1420
1420
1422
1422
1423
1424
1426
1426
1430
1432
1432
1432
1432
1433
1433
1434
1435
1435
1437
1437
1439
1439
1441
1443
1444
1444
1445
1445
1447
1447
1447
1448
1449
1449
1450
1450
1451
1451
1451
1452
1453
1457
1463
1463
1463
1465
1465
1469
1470
1470
1472
1472
1472
1473
1473
1474
1477
1477
1477
1481
1481
1482
1483
1484
1484
1486
1487
1490
1491
1491
1491
1492
1493
1494
1495
1495
1496
1497
1499
1499
1499
1500
1500
1502
1505
1506
1506
1506
1507
1508
1508
1508
1508
1509
1511
1513
1513
1515
1516
1517
1517
1517
1518
1518
1518
1519
1522
1522
1522
1522
1526
1527
1527
1530
1530
1532
1532
1535
1535
1538
1539
1540
1540
1542
1543
1543
1544
1545
1547
1548
1548
1548
1549
1549
1550
1550
1551
1554
1554
1554
1554
1555
1556
1556
1560
1561
1561
1562
1562
1563
1563
1565
1565
1567
1568
1568
1570
1571
1572
1574
1576
1577
1577
1578
1578
1579
1579
1579
1580
1581
1584
1585
1587
1588
1590
1591
1591
1595
1595
1597
1598
1599
1599
1599
1599
1600
1602
1602
1602
1605
1608
1610
1614
1614
1618
1618
1620
1620
1623
1624
1625
1627
1629
1630
1633
1633
1633
1634
1634
1634
1634
1637
1639
1639
1640
1641
1643
1645
1645
1646
1647
1647
1647
1647
1649
1650
1650
1652
1655
1655
1655
1657
1661
1661
1661
1662
1663
1663
1663
1667
1670
1670
1670
1673
1674
1676
1677
1678
1678
1679
1679
1681
1682
1683
1684
1684
1684
1685
1686
1686
1687
1687
1692
1693
1693
1694
1694
1694
1696
1696
1696
1697
1697
1698
1699
1701
1702
1703
1703
1704
1704
1708
1709
1709
1710
1712
1715
1716
1717
1717
1720
1721
1721
1721
1722
1723
1724
1725
1727
1728
1728
1730
1731
1733
1733
1734
1734
1734
1737
1738
1738
1739
1740
1741
1741
1742
1745
1746
1747
1747
1748
1748
1749
1752
1753
1753
1754
1755
1755
1757
1757
1757
1757
1758
1758
1760
1761
1761
1762
1763
1764
1764
1765
1765
1767
1767
1767
1768
1768
1771
1772
1774
1774
1775
1776
1776
1776
1777
1778
1778
1779
1779
1781
1781
1781
1784
1784
1785
1785
1787
1787
1788
1790
1791
1792
1792
1793
1793
1793
1794
1795
1797
1797
1798
1799
1799
1800
1802
1803
1804
1805
1805
1807
1809
1809
1812
1814
1814
1817
1818
1819
1820
1820
1822
1824
1824
1824
1826
1829
1830
1831
1832
1833
1834
1835
1836
1836
1836
1836
1837
1837
1838
1839
1841
1842
1846
1846
1847
1848
1848
1848
1848
1850
1851
1851
1852
1856
1858
1861
1863
1867
1868
1868
1868
1870
1871
1872
1873
1874
1875
1875
1876
1876
1877
1880
1881
1881
1882
1884
1885
1886
1886
1887
1887
1890
1891
1891
1892
1893
1894
1895
1895
1896
1898
1899
1900
1900
1901
1902
1902
1903
1903
1904
1907
1907
1907
1907
1908
1908
1909
1909
1910
1912
1913
1917
1918
1919
1919
1919
1922
1923
1924
1924
1925
1926
1926
1926
1927
1927
1929
1933
1933
1935
1936
1937
1938
1939
1939
1939
1940
1943
1944
1946
1946
1947
1948
1948
1948
1949
1951
1951
1952
1952
1955
1956
1957
1958
1958
1959
1960
1961
1961
1962
1962
1962
1963
1963
1965
1966
1967
1967
1967
1969
1970
1972
1972
1973
1973
1978
1978
1978
1979
1979
1979
1980
1980
1980
1983
1983
1987
1987
1988
1988
1990
1991
1992
1992
1993
1994
1995
1996
1998