1998
1996
1995
1994
1993
1992
1992
1991
1990
1988
1988
1987
1987
1983
1983
1980
1980
1980
1979
1979
1979
1978
1978
1978
1973
1973
1972
1972
1970
1969
1967
1967
1967
1966
1965
1963
1963
1962
1962
1962
1961
1961
1960
1959
1958
1958
1957
1956
1955
1952
1952
1951
1951
1949
1948
1948
1948
1947
1946
1946
1944
1943
1940
1939
1939
1939
1938
1937
1936
1935
1933
1933
1929
1927
1927
1926
1926
1926
1925
1924
1924
1923
1922
1919
1919
1919
1918
1917
1913
1912
1910
1909
1909
1908
1908
1907
1907
1907
1907
1904
1903
1903
1902
1902
1901
1900
1900
1899
1898
1896
1895
1895
1894
1893
1892
1891
1891
1890
1887
1887
1886
1886
1885
1884
1882
1881
1881
1880
1877
1876
1876
1875
1875
1874
1873
1872
1871
1870
1868
1868
1868
1867
1863
1861
1858
1856
1852
1851
1851
1850
1848
1848
1848
1848
1847
1846
1846
1842
1841
1839
1838
1837
1837
1836
1836
1836
1836
1835
1834
1833
1832
1831
1830
1829
1826
1824
1824
1824
1822
1820
1820
1819
1818
1817
1814
1814
1812
1809
1809
1807
1805
1805
1804
1803
1802
1800
1799
1799
1798
1797
1797
1795
1794
1793
1793
1793
1792
1792
1791
1790
1788
1787
1787
1785
1785
1784
1784
1781
1781
1781
1779
1779
1778
1778
1777
1776
1776
1776
1775
1774
1774
1772
1771
1768
1768
1767
1767
1767
1765
1765
1764
1764
1763
1762
1761
1761
1760
1758
1758
1757
1757
1757
1757
1755
1755
1754
1753
1753
1752
1749
1748
1748
1747
1747
1746
1745
1742
1741
1741
1740
1739
1738
1738
1737
1734
1734
1734
1733
1733
1731
1730
1728
1728
1727
1725
1724
1723
1722
1721
1721
1721
1720
1717
1717
1716
1715
1712
1710
1709
1709
1708
1704
1704
1703
1703
1702
1701
1699
1698
1697
1697
1696
1696
1696
1694
1694
1694
1693
1693
1692
1687
1687
1686
1686
1685
1684
1684
1684
1683
1682
1681
1679
1679
1678
1678
1677
1676
1674
1673
1670
1670
1670
1667
1663
1663
1663
1662
1661
1661
1661
1657
1655
1655
1655
1652
1650
1650
1649
1647
1647
1647
1647
1646
1645
1645
1643
1641
1640
1639
1639
1637
1634
1634
1634
1634
1633
1633
1633
1630
1629
1627
1625
1624
1623
1620
1620
1618
1618
1614
1614
1610
1608
1605
1602
1602
1602
1600
1599
1599
1599
1599
1598
1597
1595
1595
1591
1591
1590
1588
1587
1585
1584
1581
1580
1579
1579
1579
1578
1578
1577
1577
1576
1574
1572
1571
1570
1568
1568
1567
1565
1565
1563
1563
1562
1562
1561
1561
1560
1556
1556
1555
1554
1554
1554
1554
1551
1550
1550
1549
1549
1548
1548
1548
1547
1545
1544
1543
1543
1542
1540
1540
1539
1538
1535
1535
1532
1532
1530
1530
1527
1527
1526
1522
1522
1522
1522
1519
1518
1518
1518
1517
1517
1517
1516
1515
1513
1513
1511
1509
1508
1508
1508
1508
1507
1506
1506
1506
1505
1502
1500
1500
1499
1499
1499
1497
1496
1495
1495
1494
1493
1492
1491
1491
1491
1490
1487
1486
1484
1484
1483
1482
1481
1481
1477
1477
1477
1474
1473
1473
1472
1472
1472
1470
1470
1469
1465
1465
1463
1463
1463
1457
1453
1452
1451
1451
1451
1450
1450
1449
1449
1448
1447
1447
1447
1445
1445
1444
1444
1443
1441
1439
1439
1437
1437
1435
1435
1434
1433
1433
1432
1432
1432
1432
1430
1426
1426
1424
1423
1422
1422
1420
1420
1419
1419
1419
1418
1416
1416
1414
1414
1414
1413
1412
1412
1411
1411
1410
1410
1407
1407
1407
1403
1402
1402
1401
1400
1399
1398
1398
1396
1396
1396
1395
1391
1391
1390
1388
1388
1388
1386
1386
1385
1384
1383
1383
1382
1382
1381
1380
1377
1373
1373
1372
1372
1369
1368
1367
1366
1365
1363
1360
1360
1358
1357
1357
1357
1357
1355
1352
1351
1351
1350
1348
1348
1344
1341
1340
1340
1336
1333
1331
1330
1328
1328
1325
1323
1323
1323
1321
1320
1318
1316
1315
1314
1314
1314
1313
1313
1312
1312
1312
1309
1305
1304
1304
1302
1301
1299
1296
1296
1295
1292
1292
1292
1290
1290
1289
1287
1287
1287
1283
1283
1283
1281
1281
1279
1279
1278
1276
1275
1274
1274
1273
1272
1272
1271
1271
1270
1270
1268
1267
1266
1266
1264
1264
1263
1260
1260
1259
1258
1257
1257
1257
1256
1255
1255
1255
1253
1251
1251
1251
1251
1249
1248
1247
1246
1246
1244
1243
1242
1238
1238
1238
1237
1237
1237
1234
1231
1230
1230
1229
1228
1228
1225
1225
1224
1223
1222
1221
1220
1220
1219
1219
1219
1219
1216
1216
1215
1214
1212
1212
1211
1210
1208
1207
1206
1205
1205
1201
1200
1199
1198
1197
1196
1196
1195
1193
1193
1192
1191
1191
1190
1187
1187
1185
1184
1184
1184
1182
1179
1178
1173
1172
1171
1171
1170
1170
1170
1169
1169
1168
1168
1165
1164
1163
1163
1161
1158
1158
1157
1156
1156
1156
1156
1154
1153
1153
1152
1152
1152
1149
1148
1147
1147
1147
1147
1146
1143
1142
1139
1139
1138
1137
1137
1133
1132
1132
1128
1128
1127
1125
1125
1124
1123
1122
1121
1120
1120
1120
1119
1119
1118
1116
1116
1116
1115
1114
1113
1111
1109
1108
1108
1107
1107
1106
1106
1104
1101
1100
1100
1098
1098
1097
1097
1097
1097
1097
1096
1095
1094
1093
1093
1092
1089
1088
1087
1086
1085
1084
1081
1081
1079
1076
1076
1076
1076
1075
1074
1072
1069
1068
1068
1067
1066
1066
1065
1065
1064
1063
1063
1062
1061
1060
1059
1059
1059
1058
1058
1057
1057
1056
1055
1055
1052
1052
1050
1050
1047
1047
1047
1047
1046
1041
1041
1039
1038
1037
1036
1036
1034
1032
1030
1028
1027
1026
1026
1024
1024
1023
1023
1023
1023
1020
1020
1016
1016
1014
1013
1012
1011
1009
1007
1004
1000
1000
999
999
998
998
997
996
995
993
993
993
993
992
992
986
985
985
985
985
984
984
982
982
979
977
975
975
975
973
972
972
972
971
969
968
967
967
967
966
966
966
966
966
965
965
964
962
961
961
961
960
960
960
959
957
957
957
956
955
954
954
954
953
953
952
952
952
950
949
947
947
947
947
947
946
945
942
942
942
940
940
939
939
938
937
936
935
935
934
933
932
930
929
928
928
927
927
925
924
924
922
922
918
918
918
917
916
915
914
914
912
911
909
909
906
906
905
905
905
905
905
905
905
903
902
901
901
900
900
900
899
899
897
896
896
894
893
892
886
885
885
884
883
883
882
881
879
877
877
875
875
873
872
872
870
870
869
867
866
865
865
865
864
864
863
862
860
860
857
857
855
855
854
854
851
849
849
848
845
841
839
838
837
837
837
836
836
836
834
831
830
829
829
829
828
826
826
826
826
825
824
823
823
821
820
819
819
818
817
817
816
815
813
813
813
813
810
807
806
806
806
805
800
800
798
798
796
794
793
792
791
791
790
790
786
785
784
784
783
783
782
781
781
781
779
779
779
778
778
777
776
771
770
770
769
769
768
768
767
765
765
765
764
763
762
759
759
757
756
755
755
754
754
754
751
749
748
748
746
745
745
745
744
740
739
739
738
737
736
733
732
731
730
730
727
726
726
723
723
722
721
719
718
718
717
716
715
712
711
711
709
707
707
706
705
705
704
704
704
704
704
703
703
703
702
700
700
699
698
698
698
698
696
696
695
694
692
692
691
690
687
685
685
684
683
683
683
682
679
679
676
675
675
674
674
673
671
671
669
669
669
668
666
665
664
664
661
661
660
659
659
658
657
657
656
655
654
652
651
651
650
649
649
649
648
641
639
637
637
633
630
630
629
629
628
628
626
625
623
623
622
622
618
618
618
614
613
613
613
612
612
608
605
604
603
602
602
601
600
600
599
596
595
595
594
594
594
593
591
591
591
590
589
588
588
587
587
587
586
584
584
583
582
582
579
579
577
576
572
571
571
570
570
569
567
565
564
561
561
560
558
557
557
557
556
556
553
552
551
551
550
549
548
548
546
546
544
543
542
542
541
541
540
537
537
536
535
535
533
532
530
529
524
523
522
522
522
519
519
519
517
515
515
514
513
513
513
512
508
507
506
506
505
503
501
499
499
498
498
496
496
495
495
493
493
492
490
489
489
488
488
488
487
485
484
484
483
481
481
480
480
478
476
476
475
475
473
471
470
469
469
469
467
466
466
466
465
465
462
461
461
459
458
458
458
456
455
453
452
452
451
450
449
447
447
446
446
444
443
443
442
442
442
441
441
440
439
437
436
436
435
435
430
429
428
427
427
425
425
422
422
420
420
420
418
418
418
417
417
415
412
411
410
407
406
404
404
403
402
402
400
400
399
397
397
395
394
392
392
392
391
391
391
390
390
388
388
386
386
384
384
384
383
383
379
377
376
375
373
371
369
368
367
366
365
365
364
364
361
360
359
359
359
357
355
353
353
352
349
347
347
345
344
344
343
341
340
340
339
337
337
334
333
333
333
332
332
332
331
329
328
327
327
325
325
321
321
321
319
319
319
318
315
315
313
312
311
309
309
309
308
308
307
304
304
303
302
302
301
301
301
299
298
297
296
295
294
294
294
294
292
292
290
288
287
287
286
286
286
285
285
283
283
283
283
282
281
280
280
279
278
277
277
275
274
274
273
270
269
267
265
265
264
263
263
262
261
260
260
258
258
257
256
254
253
252
252
252
251
250
249
249
249
248
248
245
243
242
241
241
241
241
240
240
239
237
236
236
236
235
235
231
231
226
226
225
223
222
222
216
216
216
215
214
212
210
209
208
208
202
202
201
198
198
198
197
196
196
195
191
190
190
190
187
187
186
184
184
181
180
180
178
177
177
176
176
174
173
172
172
171
170
168
168
166
166
164
164
163
163
163
161
161
160
160
159
158
157
157
155
151
150
148
146
145
145
144
144
143
142
141
141
141
140
138
138
136
135
135
134
133
133
133
132
131
130
130
128
128
127
125
125
124
123
121
121
120
120
119
119
117
115
114
113
112
112
112
110
109
109
108
107
106
104
104
100
99
98
96
96
96
93
93
93
92
91
91
90
90
90
90
88
88
86
86
83
80
80
79
78
78
78
77
77
75
74
74
72
71
70
68
68
68
67
65
65
64
63
63
62
61
60
58
56
55
55
51
49
49
48
46
46
46
45
45
45
42
39
39
37
36
35
33
33
31
28
27
25
25
23
23
21
20
18
18
14
14
13
12
11
10
8
7
6
4
0