1767
466
1983
885
1753
1893
965
307
781
1925
618
1868
740
388
1325
881
1255
675
912
462
535
1597
1494
1400
1067
1482
1260
1264
661
1697
1283
490
1497
1848
1824
1545
1026
1309
952
1111
1146
1402
166
1919
1957
860
1205
315
1066
778
1041
542
1752
1465
1637
1795
20
74
1097
973
1373
593
651
1369
282
947
1100
1377
1272
281
1701
737
1693
1219
425
1272
1368
1809
1560
1798
934
1555
1238
1457
172
1771
241
420
1068
1717
1633
216
492
515
613
928
1687
922
704
651
1952
170
1038
1861
1646
905
1034
96
215
130
1101
571
1238
1623
599
1881
353
264
560
1058
695
1028
544
601
530
1868
458
173
1253
1585
1527
1693
683
12
64
1951
1655
196
659
1898
208
1767
1357
294
1452
1847
882
1851
704
1499
902
1978
779
1858
1116
444
940
1302
1360
495
333
977
1875
1224
90
600
1517
612
909
703
465
489
522
1532
1602
704
1147
390
395
837
864
1486
46
1398
349
905
1696
1948
684
519
498
669
1330
1692
1109
1992
440
93
605
1598
202
929
967
648
407
1846
1229
1363
1123
1776
1513
1191
1499
172
168
1036
1367
723
375
1822
1962
1243
1465
93
1351
427
813
1477
364
1396
533
1679
1836
1382
1097
1403
1902
1551
1891
245
1605
717
1634
982
683
391
1491
1275
906
107
1444
1137
1837
1496
829
1047
1578
1571
1703
1549
906
108
465
120
1748
785
1657
143
163
1030
1790
551
1548
1122
1881
798
1781
412
379
1292
1791
1228
397
905
826
1978
1761
1350
715
399
1047
302
1251
813
1152
249
1453
371
1299
109
1426
1439
1909
373
328
781
1540
7
292
1757
872
359
698
1193
1979
319
1540
265
719
1287
522
1041
1792
1352
366
1187
1279
1565
483
985
163
791
992
112
1312
1242
975
1093
23
476
1119
1081
1470
1522
703
309
485
942
1972
1108
127
1625
355
1127
1962
1147
857
315
304
877
304
1634
1398
1918
124
1907
1137
1154
506
877
849
1132
1348
845
1138
1576
657
666
436
893
1292
1952
25
1841
570
1547
27
168
1247
1100
1063
765
1416
283
1128
391
1365
1386
1047
1548
1852
1287
739
1633
716
1739
133
1057
660
985
1116
1721
954
163
571
1237
231
450
1220
252
441
1757
613
1956
187
960
70
1909
1435
630
1058
993
1164
495
1142
796
235
1614
377
201
546
1624
23
1661
1543
905
251
1097
1314
452
1554
1274
513
1979
161
1831
1237
1926
1506
1170
589
1774
1463
556
999
1158
321
1391
119
1919
1887
1992
661
854
767
1448
248
301
1538
177
826
339
1670
1472
1578
308
135
1439
1023
1506
1848
1645
1171
252
957
392
1381
623
849
674
442
517
42
1561
1184
236
841
548
1819
1328
1886
1509
669
1787
1698
915
1208
62
1171
180
1886
960
650
256
1696
1805
1076
1443
771
1577
353
721
1391
967
1962
484
1178
897
1768
754
1383
88
756
704
21
46
961
1620
952
1032
746
1595
1848
1804
402
280
447
1410
1161
279
1305
1805
1633
900
98
313
1955
1792
602
1812
595
1414
1826
475
1522
768
972
1682
875
584
582
1936
1358
1908
1076
1910
1948
1778
671
1903
1902
630
1023
8
587
1694
1190
480
1185
1314
144
466
388
726
508
1894
838
503
1382
649
932
830
781
241
309
287
918
65
496
1469
1599
1418
417
690
321
1650
302
522
1321
1567
1517
836
583
1165
993
540
1451
1581
519
269
1629
984
1620
286
947
1568
954
1366
1749
1507
1641
1120
1647
1988
160
130
829
214
759
1678
1887
1850
813
1848
696
1757
135
813
1757
1969
1228
1357
1220
1500
481
74
216
55
892
159
865
1647
1877
1331
283
1156
793
584
1655
1602
1219
157
831
937
1169
121
1125
696
1565
1737
155
425
557
1290
1447
1386
992
700
1372
1993
319
1225
1946
1535
1634
1231
1832
751
883
1413
1937
748
1517
1963
997
810
1301
187
1271
1214
712
1527
1424
1614
128
1904
18
274
968
561
1973
579
267
49
1618
142
1793
738
863
1807
1000
343
896
770
1991
1948
1562
826
820
453
1023
443
1316
1351
707
1978
867
1542
815
1733
1824
894
488
299
1926
83
1814
1745
1095
1965
1961
1518
1723
1289
475
1602
415
1720
123
258
1052
1061
198
1513
1230
1696
1128
692
357
435
862
519
1163
1463
60
1211
765
1990
277
698
1803
1721
548
1727
1088
261
1730
265
141
134
1568
733
1449
1414
1775
1434
549
1106
900
301
536
901
1483
1333
1587
1765
1924
1980
99
1876
427
400
100
829
1263
628
784
1833
505
119
333
6
1574
557
77
1863
258
884
1493
1681
513
1873
1851
1794
113
459
226
806
437
420
1096
1554
31
1276
1206
612
1979
128
1312
749
1899
1313
1120
1781
138
340
959
1522
807
1390
216
1076
764
294
1199
576
514
1205
698
656
144
1907
1685
1543
700
1132
1998
1741
1554
855
447
590
420
104
1089
1385
1281
1754
1563
33
805
979
296
133
1388
872
1119
604
759
25
90
707
1477
591
1683
1380
1967
762
254
1024
386
769
133
582
1016
1933
966
637
1722
1340
455
1266
1495
1755
1197
596
1747
470
88
1511
226
1287
1481
1143
1296
673
1447
1762
1793
975
961
765
745
1052
1373
383
394
151
4
364
1395
1281
1580
1004
594
595
731
1423
1147
1588
1009
90
1344
1024
883
1173
1595
1793
819
1539
376
297
18
1599
1939
1257
333
836
1360
198
618
164
1663
1399
998
1676
325
591
1422
870
1929
1087
1967
1556
674
417
280
817
614
158
1251
1708
178
543
1237
78
177
800
1223
730
755
839
345
657
1255
1802
1445
1193
911
613
745
641
1251
1246
723
755
1640
283
669
1972
92
180
727
946
711
1388
1788
125
210
1148
1506
768
1121
1667
312
1012
1441
1124
757
1784
966
294
1097
473
223
471
212
1296
542
854
321
885
46
1410
443
922
924
569
1824
208
1502
866
588
918
1721
1834
222
1221
1661
1530
587
1871
467
262
1728
1023
1435
1411
633
294
1765
748
513
72
1758
1210
48
1839
967
422
962
301
1115
637
1383
106
292
1097
675
639
860
1655
1872
969
80
821
567
1891
1923
278
1072
855
1075
458
1949
148
1922
779
1508
318
327
1734
449
1876
665
550
1776
303
1444
1584
914
446
132
1768
512
325
184
1491
1724
1747
1292
1432
622
1875
469
45
51
1572
260
1907
1570
1809
927
794
392
461
1114
161
125
28
1842
344
1290
45
150
1599
1988
1663
1187
1104
1874
1074
1686
985
1935
1184
1927
33
901
1549
1797
950
886
1248
1108
1652
685
1951
1702
1273
263
285
1838
732
367
834
263
1314
35
1098
957
480
1065
1419
1933
909
1703
1179
588
1647
956
551
687
157
966
537
1958
1519
557
1742
404
77
334
964
138
110
1670
1846
365
285
1133
535
418
1426
1884
770
1738
1787
1927
1772
1270
1901
1908
196
836
999
1774
1508
1407
1163
778
664
806
1495
1384
1315
986
191
942
942
790
936
1717
1106
1016
80
899
739
1686
1341
659
160
1738
67
1270
1196
823
1484
1677
998
1063
10
190
925
1741
1709
591
679
1055
786
699
1725
1037
865
1118
319
1505
446
39
1599
120
1522
1820
515
993
1059
241
1673
1191
1473
1748
1057
649
1885
947
905
816
873
506
1081
1938
1266
1526
337
1900
679
1550
777
435
655
676
1274
286
1328
1020
718
1120
1433
819
11
241
586
337
1895
344
141
1066
1198
1868
541
1295
461
1084
236
965
1699
68
86
1437
225
896
1670
469
1716
1249
875
442
1958
442
488
1401
857
1590
1903
176
277
341
1470
488
1093
1430
253
1491
240
1907
754
112
865
1437
1561
1152
1649
782
587
1196
1085
493
1336
1919
1318
1579
1055
39
905
249
1508
429
1882
694
1013
14
184
1050
1684
1092
1627
1556
939
1036
1268
1059
1251
1445
577
121
1484
209
308
1201
1867
1420
114
1518
91
1836
1433
332
55
848
404
1258
1230
1926
1062
949
602
1355
1516
1267
295
572
776
1684
558
36
1184
1125
703
603
1835
1579
484
1169
45
1094
1608
1829
817
918
1419
658
1913
1634
1943
260
248
0
499
1407
65
1764
166
1472
1694
984
1215
1472
947
104
1487
1158
61
1007
1064
1481
1200
1246
971
68
1264
1219
954
1940
1758
524
1535
1663
181
1323
79
86
1107
1152
594
726
458
384
1432
1257
361
623
1492
1709
1508
1234
1532
798
1880
1216
1257
242
1643
493
1818
1661
1212
1764
237
1767
190
71
397
1994
553
1674
1222
1733
1694
1225
1987
75
37
96
1715
1963
1320
1639
579
622
1830
668
145
222
626
270
1697
63
466
1069
1967
1500
430
1219
1870
1944
608
198
250
702
709
698
171
1000
1432
823
1837
957
332
561
1414
1799
63
1892
1244
117
418
235
1734
286
1970
1983
1396
1763
1156
202
763
966
1760
869
1548
1995
501
711
1779
1779
58
422
1271
953
864
961
837
78
1116
368
439
1059
1411
1960
953
1068
1372
683
730
384
564
1996
1939
78
1079
499
257
1973
273
1407
754
136
1924
1650
391
982
1195
618
905
600
347
1678
1463
1980
359
1304
1799
1946
1820
928
1149
441
1039
1740
141
1259
1046
1947
995
369
1450
145
249
1168
769
1530
1216
1396
818
1777
1139
1212
792
916
384
1645
692
900
93
1515
537
275
290
1961
924
1591
1086
879
240
1554
935
1283
359
1712
1416
496
541
914
594
164
1797
1419
1060
340
1050
704
960
745
436
917
327
828
1182
1065
996
1313
938
14
654
1014
403
993
115
1895
552
1562
1630
1679
68
1550
1170
1357
1544
1420
1618
1778
239
1731
383
705
529
1647
140
1170
1987
972
56
955
131
1776
1451
1348
311
939
628
478
1912
1027
1107
1710
1473
1704
1157
1499
783
1662
940
652
90
532
1357
1704
274
1814
1388
1279
556
298
1156
347
418
1753
1917
570
451
386
1168
1323
1451
1781
352
1278
1591
927
629
406
706
1939
947
1172
49
718
1900
1283
1784
1412
985
1761
428
481
1477
309
791
1256
186
456
402
1238
236
824
231
112
400
146
176
1959
870
935
476
1260
329
851
930
546
331
91
1432
390
1746
1147
945
452
13
252
783
826
1340
1563
1255
1447
1579
1047
469
825
800
664
1153
1687
1728
1056
1836
1192
288
174
1156
790
392
1450
195
197
722
498
523
1817
489
287
1966
837
1518
1639
691
332
565
1474
625
1449
1896
779
784
682
1113
243
1785
190
1412
1755
411
744
1422
806
1734
283
1312
952
933
1785
1836
736
975
1323
1207
1402
1020
507
972
1600
899
966
1890
360
1098
1026
1076
1153
1684
685
96
705
1980
1490
1610
109
1577
1011
1856
629
649
365
671
1139
1800
410
487
903
1304