5
6
6
8
9
9
10
10
11
12
13
13
14
15
15
17
19
20
22
22
22
23
23
25
26
26
27
27
28
30
30
30
32
35
35
36
36
36
37
39
42
42
42
44
45
45
45
46
46
47
47
49
50
50
50
50
51
52
52
57
59
59
61
61
61
62
63
63
66
67
68
69
69
69
70
70
70
70
72
72
73
73
76
76
78
78
79
80
80
81
81
81
84
85
85
86
87
87
88
88
88
91
96
97
97
97
97
98
101
103
103
104
105
107
107
107
108
108
110
111
111
111
112
114
114
117
118
118
118
121
122
124
126
128
131
131
133
133
135
136
136
137
138
138
138
139
139
139
142
144
145
145
145
148
148
149
150
151
151
152
153
154
155
158
158
158
161
165
165
166
166
166
167
170
170
170
172
172
174
178
178
179
180
181
183
184
185
186
188
189
191
191
192
193
193
193
194
196
197
199