199
197
196
194
193
193
193
192
191
191
189
188
186
185
184
183
181
180
179
178
178
174
172
172
170
170
170
167
166
166
166
165
165
161
158
158
158
155
154
153
152
151
151
150
149
148
148
145
145
145
144
142
139
139
139
138
138
138
137
136
136
135
133
133
131
131
128
126
124
122
121
118
118
118
117
114
114
112
111
111
111
110
108
108
107
107
107
105
104
103
103
101
98
97
97
97
97
96
91
88
88
88
87
87
86
85
85
84
81
81
81
80
80
79
78
78
76
76
73
73
72
72
70
70
70
70
69
69
69
68
67
66
63
63
62
61
61
61
59
59
57
52
52
51
50
50
50
50
49
47
47
46
46
45
45
45
44
42
42
42
39
37
36
36
36
35
35
32
30
30
30
28
27
27
26
26
25
23
23
22
22
22
20
19
17
15
15
14
13
13
12
11
10
10
9
9
8
6
6
5