103
44
17
144
158
70
63
194
107
72
161
50
118
81
188
155
14
47
186
49
149
148
15
111
165
126
11
36
47
51
10
122
133
184
39
8
136
6
98
181
151
101
124
87
170
97
46
42
15
138
6
32
25
79
81
80
19
61
139
104
76
35
118
68
191
72
35
192
13
69
63
73
61
67
62
80
30
50
107
139
121
97
111
45
145
85
97
97
178
88
165
108
191
138
23
114
22
152
36
158
118
166
91
150
133
12
66
84
13
154
70
114
197
189
9
128
52
145
183
73
105
131
172
50
153
70
199
70
46
179
61
69
103
131
10
42
136
22
45
139
148
151
180
27
172
166
36
37
170
193
112
26
23
78
145
27
30
59
167
142
88
28
30
20
111
9
138
59
117
76
52
69
87
193
166
137
45
170
96
193
42
107
81
185
158
108
57
110
22
85
86
196
135
178
50
174
88
26
5
78