199953
199896
199808
199777
199677
199434
199432
199382
199307
199168
199076
198799
198643
198614
198575
198551
198447
198075
197962
197907
197648
197599
197281
197255
197209
197197
197174
196982
196804
196793
196759
196732
196688
196651
196574
196372
196263
196178
196128
196080
195879
195787
195758
195757
195668
195630
195006
194969
194911
194907
194735
194637
194537
194269
194090
194047
193903
193816
193774
193757
193753
193603
193522
193456
193373
193354
193332
193328
193244
193235
193210
193138
193011
192971
192934
192911
192822
192635
192605
192408
192391
192343
191918
191859
191858
191848
191769
191691
191663
191591
191581
191261
191216
191175
191161
190968
190600
190573
190536
190522
190245
190164
190147
190018
189996
189932
189926
189926
189817
189641
189625
189555
189501
189388
189357
189248
189209
189174
189129
189068
188761
188742
188600
188587
188508
188167
188052
187858
187614
187532
187529
187421
187357
187140
187115
186944
186844
186726
186584
186568
186501
186487
186363
186344
186326
186108
186031
185680
185648
185551
185284
185202
185156
185133
184891
184839
184732
184619
184564
184442
184369
184264
184175
184171
183988
183767
183641
183521
183392
183277
183243
183193
183118
183043
182829
182676
182572
182568
182482
182467
181960
181956
181868
181780
181576
181532
181493
181360
181160
181146
180913
180777
180755
180656
180499
180490
180285
180280
180263
180242
180166
179995
179623
179609
179555
179546
179482
179228
179185
179141
178832
178828
178646
178629
178425
178361
178247
177979
177744
177706
177436
177247
176805
176511
176509
176285
176116
176081
175850
175664
175467
175413
175325
175155
175120
175118
175085
175082
175058
174850
174587
174562
174406
174264
174192
174191
174063
174020
174014
173874
173828
173821
173693
173464
173439
173344
173229
173186
172943
172864
172808
172633
172359
172313
172277
172268
172265
172017
171820
171583
171449
171448
171411
171368
171364
171345
171298
171285
171281
170692
170523
170515
170465
170290
170202
170187
170163
170014
169932
169911
169751
169698
169635
169443
169430
169337
169249
169132
169112
169112
169043
168999
168981
168900
168606
168265
168223
167985
167948
167856
167805
167797
167681
167612
167453
167376
167367
167334
167320
167299
167237
167200
167076
166824
166782
166732
166691
166542
166489
166420
166367
166078
166071
166058
166021
165930
165528
165522
165493
165382
165239
165141
165078
165020
164988
164935
164891
164732
164658
164507
164420
164222
163954
163925
163912
163183
162907
162894
162870
162843
162828
162816
162768
162752
162711
162611
162527
162353
162350
162218
162158
161945
161880
161845
161843
161741
161732
161694
161567
161427
161227
161164
160859
160758
160683
160659
160454
160436
160322
160210
160048
160035
160021
159920
159758
159709
159664
159629
159629
159401
159320
159313
159023
159019
158895
158795
158771
158707
158697
158328
158308
157948
157930
157869
157638
157550
157513
157508
157496
157258
157072
157066
156858
156818
156783
156296
156205
155999
155899
155839
155788
155717
155415
155365
155237
155216
154940
154875
154768
154756
154654
154536
154502
154346
154279
154138
154079
154065
154013
153995
153911
153839
153543
153525
153476
153470
153443
153330
153218
153007
152880
152690
152474
152473
152334
152151
152103
152100
152049
152047
152015
151943
151916
151869
151860
151803
151798
151777
151743
151732
151672
151523
151522
151437
151386
151351
151343
151111
151004
151002
150904
150721
150659
150516
150468
150149
150035
149920
149485
149336
149317
149285
149073
149051
149032
148785
148658
148622
148513
148495
148373
148222
148216
148148
147994
147973
147965
147960
147844
147604
147590
147264
147259
147250
147148
147132
147096
146999
146958
146917
146727
146692
146101
146067
145952
145720
145609
145559
145521
145299
145288
145281
145267
145220
145081
145068
145046
144980
144919
144822
144644
144602
144330
144200
144194
144167
144009
143934
143841
143735
143669
143564
143545
143320
143261
143159
143140
142829
142796
142795
142755
142718
142595
142505
142439
142253
142227
142115
142006
141828
141698
141683
141559
141501
141482
140965
140940
140603
140600
140435
140392
140244
140085
139989
139849
139711
139589
139397
139368
139365
139326
139273
139035
139004
138887
138737
138674
138439
138343
138127
138117
137976
137969
137907
137693
137558
137404
137369
137278
137234
137198
137044
137017
136561
136441
136434
136408
136251
136215
136123
136098
135879
135682
135550
135338
135153
135113
135107
135058
134887
134868
134730
134677
134635
134580
134569
134458
134415
134154
134139
134138
133990
133855
133720
133674
133663
133644
133381
133318
132985
132740
132617
132491
132391
132213
132104
132081
132048
132005
131753
131586
131541
131371
131342
131300
131284
131069
130873
130837
130809
130652
129909
129720
129632
129608
129500
129254
129120
129079
129033
129027
128869
128701
128655
128654
128611
128313
128226
128114
128075
128053
127785
127732
127616
127489
127352
127116
127077
127063
127027
127017
126980
126919
126858
126790
126789
126571
126525
126478
126456
126434
126376
126247
126077
126012
125950
125922
125872
125711
125583
125463
125436
125395
125343
125263
125019
124979
124954
124902
124890
124854
124773
124704
124664
124441
124401
124353
124322
124237
124234
124165
124149
124029
123981
123940
123869
123730
123714
123564
123553
123391
123365
123211
122962
122954
122945
122829
122716
122575
122533
122231
121980
121657
121650
121537
121460
121379
121318
120833
120795
120795
120067
120063
119957
119826
119769
119715
119652
119461
119358
119348
119334
119309
119224
119049
119037
118916
118863
118740
118674
118296
118224
118169
118111
117965
117964
117720
117640
117631
117629
117459
117295
117259
117195
117092
117016
117010
116958
116705
116613
116503
116382
116360
116188
116159
115976
115692
115569
115526
115476
115474
115197
115009
114878
114778
114660
114572
114517
114490
114426
114329
114323
114001
113836
113784
113684
113604
113577
113564
113555
113509
113332
113229
113128
113090
113046
112942
112864
112697
112482
112444
112388
112297
112055
111593
111442
111305
111287
111205
111003
110960
110888
110809
110780
110755
110620
110559
110456
110395
110389
110355
110125
109956
109929
109918
109898
109801
109758
109348
109106
108887
108817
108758
108673
108624
108502
108479
108448
108197
108177
108014
107923
107907
107648
107475
107416
107381
107303
107091
107019
106994
106992
106955
106942
106869
106862
106808
106776
106718
106519
106514
106459
106454
106439
106426
106411
106397
106382
106232
106182
106116
106110
105850
105620
105561
105555
105530
105338
105324
105319
105276
105230
105219
105126
105098
104886
104881
104565
104407
104370
104177
104156
104090
104040
103887
103814
103777
103645
103592
103460
103459
103452
103336
103168
103121
102987
102986
102976
102938
102882
102808
102649
102604
102523
102399
102393
102327
102203
102149
101901
101873
101794
101726
101704
101632
101521
101452
101399
101386
101368
101341
101332
101055
100953
100909
100901
100840
100600
100475
100397
100355
100288
100155
100089
99887
99838
99785
99600
99496
99038
99038
99032
99001
98975
98963
98843
98816
98516
98501
98190
98090
97812
97699
97662
97126
97017
96980
96949
96827
96758
96679
96609
96247
96231
96186
96162
96088
95863
95738
95448
95435
95425
95346
95319
95146
95124
94986
94624
94599
94361
94286
94281
93954
93883
93826
93516
93459
93410
93396
93372
93261
93240
93091
92970
92782
92699
92651
92623
92589
92533
92516
92498
91962
91854
91699
91490
91401
91177
91142
91065
90879
90677
90603
90448
90389
90370
90328
90287
90222
90062
90007
89888
89840
89708
89580
89532
89341
89332
89219
89035
88833
88747
88732
88605
88565
88527
88484
88231
88198
88167
88107
87891
87886
87675
87429
87354
87172
87133
87065
86960
86926
86909
86719
86681
86671
86598
86483
86422
86411
86160
86082
85945
85875
85817
85814
85749
85743
85716
85648
85637
85622
85544
85487
85340
85141
84659
84629
84609
84232
84232
84202
84176
84110
83796
83736
83664
83652
83430
83291
83266
83045
82987
82754
82682
82580
82322
82190
82039
81928
81805
81679
81572
81545
81095
81084
81068
80862
80816
80588
80568
80274
80068
79944
79938
79821
79800
79744
79727
79657
79518
79475
79271
79250
79213
79148
79138
79068
79054
79023
78981
78878
78865
78758
78719
78578
78308
78272
78047
77956
77916
77811
77775
77658
77575
77491
77463
77462
77459
77213
77051
77011
76719
76686
76515
76370
76362
76290
76284
76138
76130
75879
75739
75692
75582
75534
75499
75479
75441
75429
75350
75260
75185
75177
74197
73959
73935
73904
73808
73733
73713
73632
73548
73542
73517
73502
73471
73431
73400
73243
73201
72934
72847
72698
72540
72323
72173
71790
71747
71732
71694
71686
71612
71459
71131
71027
70934
70876
70829
70750
70703
70697
70689
70675
70653
70647
70520
70464
70456
70430
70420
70413
70381
70367
70324
70304
70247
70074
70041
69995
69611
69435
69413
69246
69243
69076
69067
69037
68991
68973
68852
68765
68691
68646
68479
68324
68265
68196
68066
68049
67953
67841
67718
67677
67602
67439
67232
67125
67095
66790
66679
66323
66141
66078
65893
65872
65676
65516
65515
65251
65181
65105
65015
64800
64740
64671
64596
64509
64285
64264
64146
64103
64093
64083
64002
63936
63605
63560
63423
63409
63319
63172
63036
63002
62633
62507
62478
62263
62048
62019
61947
61809
61804
61484
61483
61322
61304
61164
61023
61004
60946
60896
60820
60722
60663
60652
60499
60368
60330
60230
60180
60173
60151
59962
59806
59738
59714
59693
59693
59639
59560
59465
59389
59323
59294
59291
59284
59256
59242
59198
59184
59128
59057
59022
58978
58974
58915
58838
58788
58521
58480
58364
58359
58352
58351
58261
58157
57922
57807
57731
57568
57536
57503
57170
57046
57024
56977
56794
56784
56773
56659
56647
56611
56482
56434
56394
56374
56364
56358
56269
56177
56069
55910
55863
55777
55771
55703
55619
55552
55480
55380
55285
55139
54921
54758
54713
54680
54589
54588
54566
54411
54397
54386
54292
53934
53919
53904
53828
53706
53503
53414
53403
53375
53141
53102
53037
53028
52847
52844
52815
52802
52736
52717
52624
52571
52525
52451
52448
52107
52018
51989
51785
51759
51726
51575
51551
51470
51415
51407
51217
51212
51137
51115
51077
50972
50489
50457
50450
50445
50325
50290
50176
50033
49884
49835
49834
49758
49557
49478
49265
49215
49092
48987
48981
48885
48878
48843
48753
48737
48620
48450
48429
48027
47935
47887
47751
47742
47737
47720
47600
47579
47576
47504
47329
47186
47082
46953
46368
46325
46300
46242
46144
45713
45563
45257
45220
45189
45068
44990
44937
44715
44570
44418
44373
44353
44349
44333
44204
44135
43879
43846
43624
43561
43554
43477
43385
43310
43309
43138
43136
42966
42922
42910
42847
42830
42636
42449
42260
42070
41856
41654
41321
41313
41133
41036
41014
40972
40807
40679
40603
40583
40408
40332
40023
39956
39935
39732
39475
39366
39309
39161
39139
39105
39060
38785
38784
38573
38489
38418
38417
38400
38370
38171
38009
37887
37815
37728
37426
37392
37365
37142
37004
36765
36709
36648
36640
36435
36412
36104
36090
36050
36034
36013
35768
35595
35469
35230
34970
34843
34788
34736
34528
34471
34425
33838
33827
33815
33793
33754
33739
33724
33676
33404
33355
33320
33215
33037
32994
32984
32795
32735
32697
32618
32577
32543
32231
32140
32112
31997
31995
31985
31940
31637
31559
31553
31394
31315
31274
31202
31188
31174
31159
31086
31001
30960
30915
30898
30843
30642
30594
30504
30462
30457
30404
30240
30153
30065
29982
29976
29941
29923
29701
29556
29348
29273
29246
29207
29036
28949
28928
28733
28668
28664
28646
28559
28408
28282
28140
28026
28002
27863
27697
27670
27579
27444
27405
27264
27263
27107
26871
26864
26586
26568
26446
26407
26168
26130
26120
26118
26057
25991
25891
25850
25824
25510
25339
25222
25126
25006
24786
24592
24589
24515
24316
23739
23651
23638
23618
23194
23122
23037
22952
22824
22791
22775
22714
22293
22184
22112
22104
22098
21943
21928
21920
21907
21894
21885
21864
21822
21812
21612
21550
21484
21417
21383
21200
21172
21160
21144
21043
20823
20819
20774
20760
20673
20494
20393
20269
20242
20084
19957
19727
19624
19566
19513
19474
19465
19415
19405
19248
19078
18799
18706
18701
18525
18241
18239
18228
18206
18143
17735
17687
17624
17613
17522
17487
17484
17437
17395
17016
16760
16692
16335
16196
16131
16010
15808
15803
15759
15559
15365
15354
15293
15256
15023
15008
15003
14853
14833
14805
14716
14498
14136
14088
13895
13751
13664
13616
13528
13447
13246
12977
12935
12652
12528
12413
12394
12332
12073
11975
11715
11659
11596
11176
11125
10944
10890
10761
10728
10658
10617
10079
10056
10010
10001
9944
9748
9741
9740
9633
9584
9555
9486
9388
9343
9177
9020
8928
8892
8837
8599
8566
8511
8421
8312
8090
7991
7978
7740
7730
7632
7615
7276
7221
7200
7027
6974
6958
6929
6922
6594
6543
6413
6212
6186
5890
5855
5777
5704
5669
5649
5586
5534
5429
5329
5033
5018
5005
4974
4934
4607
4527
4515
4194
4146
4120
3939
3683
3508
3423
3324
3290
3171
3137
3050
2737
2730
2534
2404
2322
2320
2257
2176
2123
1997
1936
1914
1748
1702
1520
1401
1346
1342
1093
1049
985
644
326
180
106
9