9
106
180
326
644
985
1049
1093
1342
1346
1401
1520
1702
1748
1914
1936
1997
2123
2176
2257
2320
2322
2404
2534
2730
2737
3050
3137
3171
3290
3324
3423
3508
3683
3939
4120
4146
4194
4515
4527
4607
4934
4974
5005
5018
5033
5329
5429
5534
5586
5649
5669
5704
5777
5855
5890
6186
6212
6413
6543
6594
6922
6929
6958
6974
7027
7200
7221
7276
7615
7632
7730
7740
7978
7991
8090
8312
8421
8511
8566
8599
8837
8892
8928
9020
9177
9343
9388
9486
9555
9584
9633
9740
9741
9748
9944
10001
10010
10056
10079
10617
10658
10728
10761
10890
10944
11125
11176
11596
11659
11715
11975
12073
12332
12394
12413
12528
12652
12935
12977
13246
13447
13528
13616
13664
13751
13895
14088
14136
14498
14716
14805
14833
14853
15003
15008
15023
15256
15293
15354
15365
15559
15759
15803
15808
16010
16131
16196
16335
16692
16760
17016
17395
17437
17484
17487
17522
17613
17624
17687
17735
18143
18206
18228
18239
18241
18525
18701
18706
18799
19078
19248
19405
19415
19465
19474
19513
19566
19624
19727
19957
20084
20242
20269
20393
20494
20673
20760
20774
20819
20823
21043
21144
21160
21172
21200
21383
21417
21484
21550
21612
21812
21822
21864
21885
21894
21907
21920
21928
21943
22098
22104
22112
22184
22293
22714
22775
22791
22824
22952
23037
23122
23194
23618
23638
23651
23739
24316
24515
24589
24592
24786
25006
25126
25222
25339
25510
25824
25850
25891
25991
26057
26118
26120
26130
26168
26407
26446
26568
26586
26864
26871
27107
27263
27264
27405
27444
27579
27670
27697
27863
28002
28026
28140
28282
28408
28559
28646
28664
28668
28733
28928
28949
29036
29207
29246
29273
29348
29556
29701
29923
29941
29976
29982
30065
30153
30240
30404
30457
30462
30504
30594
30642
30843
30898
30915
30960
31001
31086
31159
31174
31188
31202
31274
31315
31394
31553
31559
31637
31940
31985
31995
31997
32112
32140
32231
32543
32577
32618
32697
32735
32795
32984
32994
33037
33215
33320
33355
33404
33676
33724
33739
33754
33793
33815
33827
33838
34425
34471
34528
34736
34788
34843
34970
35230
35469
35595
35768
36013
36034
36050
36090
36104
36412
36435
36640
36648
36709
36765
37004
37142
37365
37392
37426
37728
37815
37887
38009
38171
38370
38400
38417
38418
38489
38573
38784
38785
39060
39105
39139
39161
39309
39366
39475
39732
39935
39956
40023
40332
40408
40583
40603
40679
40807
40972
41014
41036
41133
41313
41321
41654
41856
42070
42260
42449
42636
42830
42847
42910
42922
42966
43136
43138
43309
43310
43385
43477
43554
43561
43624
43846
43879
44135
44204
44333
44349
44353
44373
44418
44570
44715
44937
44990
45068
45189
45220
45257
45563
45713
46144
46242
46300
46325
46368
46953
47082
47186
47329
47504
47576
47579
47600
47720
47737
47742
47751
47887
47935
48027
48429
48450
48620
48737
48753
48843
48878
48885
48981
48987
49092
49215
49265
49478
49557
49758
49834
49835
49884
50033
50176
50290
50325
50445
50450
50457
50489
50972
51077
51115
51137
51212
51217
51407
51415
51470
51551
51575
51726
51759
51785
51989
52018
52107
52448
52451
52525
52571
52624
52717
52736
52802
52815
52844
52847
53028
53037
53102
53141
53375
53403
53414
53503
53706
53828
53904
53919
53934
54292
54386
54397
54411
54566
54588
54589
54680
54713
54758
54921
55139
55285
55380
55480
55552
55619
55703
55771
55777
55863
55910
56069
56177
56269
56358
56364
56374
56394
56434
56482
56611
56647
56659
56773
56784
56794
56977
57024
57046
57170
57503
57536
57568
57731
57807
57922
58157
58261
58351
58352
58359
58364
58480
58521
58788
58838
58915
58974
58978
59022
59057
59128
59184
59198
59242
59256
59284
59291
59294
59323
59389
59465
59560
59639
59693
59693
59714
59738
59806
59962
60151
60173
60180
60230
60330
60368
60499
60652
60663
60722
60820
60896
60946
61004
61023
61164
61304
61322
61483
61484
61804
61809
61947
62019
62048
62263
62478
62507
62633
63002
63036
63172
63319
63409
63423
63560
63605
63936
64002
64083
64093
64103
64146
64264
64285
64509
64596
64671
64740
64800
65015
65105
65181
65251
65515
65516
65676
65872
65893
66078
66141
66323
66679
66790
67095
67125
67232
67439
67602
67677
67718
67841
67953
68049
68066
68196
68265
68324
68479
68646
68691
68765
68852
68973
68991
69037
69067
69076
69243
69246
69413
69435
69611
69995
70041
70074
70247
70304
70324
70367
70381
70413
70420
70430
70456
70464
70520
70647
70653
70675
70689
70697
70703
70750
70829
70876
70934
71027
71131
71459
71612
71686
71694
71732
71747
71790
72173
72323
72540
72698
72847
72934
73201
73243
73400
73431
73471
73502
73517
73542
73548
73632
73713
73733
73808
73904
73935
73959
74197
75177
75185
75260
75350
75429
75441
75479
75499
75534
75582
75692
75739
75879
76130
76138
76284
76290
76362
76370
76515
76686
76719
77011
77051
77213
77459
77462
77463
77491
77575
77658
77775
77811
77916
77956
78047
78272
78308
78578
78719
78758
78865
78878
78981
79023
79054
79068
79138
79148
79213
79250
79271
79475
79518
79657
79727
79744
79800
79821
79938
79944
80068
80274
80568
80588
80816
80862
81068
81084
81095
81545
81572
81679
81805
81928
82039
82190
82322
82580
82682
82754
82987
83045
83266
83291
83430
83652
83664
83736
83796
84110
84176
84202
84232
84232
84609
84629
84659
85141
85340
85487
85544
85622
85637
85648
85716
85743
85749
85814
85817
85875
85945
86082
86160
86411
86422
86483
86598
86671
86681
86719
86909
86926
86960
87065
87133
87172
87354
87429
87675
87886
87891
88107
88167
88198
88231
88484
88527
88565
88605
88732
88747
88833
89035
89219
89332
89341
89532
89580
89708
89840
89888
90007
90062
90222
90287
90328
90370
90389
90448
90603
90677
90879
91065
91142
91177
91401
91490
91699
91854
91962
92498
92516
92533
92589
92623
92651
92699
92782
92970
93091
93240
93261
93372
93396
93410
93459
93516
93826
93883
93954
94281
94286
94361
94599
94624
94986
95124
95146
95319
95346
95425
95435
95448
95738
95863
96088
96162
96186
96231
96247
96609
96679
96758
96827
96949
96980
97017
97126
97662
97699
97812
98090
98190
98501
98516
98816
98843
98963
98975
99001
99032
99038
99038
99496
99600
99785
99838
99887
100089
100155
100288
100355
100397
100475
100600
100840
100901
100909
100953
101055
101332
101341
101368
101386
101399
101452
101521
101632
101704
101726
101794
101873
101901
102149
102203
102327
102393
102399
102523
102604
102649
102808
102882
102938
102976
102986
102987
103121
103168
103336
103452
103459
103460
103592
103645
103777
103814
103887
104040
104090
104156
104177
104370
104407
104565
104881
104886
105098
105126
105219
105230
105276
105319
105324
105338
105530
105555
105561
105620
105850
106110
106116
106182
106232
106382
106397
106411
106426
106439
106454
106459
106514
106519
106718
106776
106808
106862
106869
106942
106955
106992
106994
107019
107091
107303
107381
107416
107475
107648
107907
107923
108014
108177
108197
108448
108479
108502
108624
108673
108758
108817
108887
109106
109348
109758
109801
109898
109918
109929
109956
110125
110355
110389
110395
110456
110559
110620
110755
110780
110809
110888
110960
111003
111205
111287
111305
111442
111593
112055
112297
112388
112444
112482
112697
112864
112942
113046
113090
113128
113229
113332
113509
113555
113564
113577
113604
113684
113784
113836
114001
114323
114329
114426
114490
114517
114572
114660
114778
114878
115009
115197
115474
115476
115526
115569
115692
115976
116159
116188
116360
116382
116503
116613
116705
116958
117010
117016
117092
117195
117259
117295
117459
117629
117631
117640
117720
117964
117965
118111
118169
118224
118296
118674
118740
118863
118916
119037
119049
119224
119309
119334
119348
119358
119461
119652
119715
119769
119826
119957
120063
120067
120795
120795
120833
121318
121379
121460
121537
121650
121657
121980
122231
122533
122575
122716
122829
122945
122954
122962
123211
123365
123391
123553
123564
123714
123730
123869
123940
123981
124029
124149
124165
124234
124237
124322
124353
124401
124441
124664
124704
124773
124854
124890
124902
124954
124979
125019
125263
125343
125395
125436
125463
125583
125711
125872
125922
125950
126012
126077
126247
126376
126434
126456
126478
126525
126571
126789
126790
126858
126919
126980
127017
127027
127063
127077
127116
127352
127489
127616
127732
127785
128053
128075
128114
128226
128313
128611
128654
128655
128701
128869
129027
129033
129079
129120
129254
129500
129608
129632
129720
129909
130652
130809
130837
130873
131069
131284
131300
131342
131371
131541
131586
131753
132005
132048
132081
132104
132213
132391
132491
132617
132740
132985
133318
133381
133644
133663
133674
133720
133855
133990
134138
134139
134154
134415
134458
134569
134580
134635
134677
134730
134868
134887
135058
135107
135113
135153
135338
135550
135682
135879
136098
136123
136215
136251
136408
136434
136441
136561
137017
137044
137198
137234
137278
137369
137404
137558
137693
137907
137969
137976
138117
138127
138343
138439
138674
138737
138887
139004
139035
139273
139326
139365
139368
139397
139589
139711
139849
139989
140085
140244
140392
140435
140600
140603
140940
140965
141482
141501
141559
141683
141698
141828
142006
142115
142227
142253
142439
142505
142595
142718
142755
142795
142796
142829
143140
143159
143261
143320
143545
143564
143669
143735
143841
143934
144009
144167
144194
144200
144330
144602
144644
144822
144919
144980
145046
145068
145081
145220
145267
145281
145288
145299
145521
145559
145609
145720
145952
146067
146101
146692
146727
146917
146958
146999
147096
147132
147148
147250
147259
147264
147590
147604
147844
147960
147965
147973
147994
148148
148216
148222
148373
148495
148513
148622
148658
148785
149032
149051
149073
149285
149317
149336
149485
149920
150035
150149
150468
150516
150659
150721
150904
151002
151004
151111
151343
151351
151386
151437
151522
151523
151672
151732
151743
151777
151798
151803
151860
151869
151916
151943
152015
152047
152049
152100
152103
152151
152334
152473
152474
152690
152880
153007
153218
153330
153443
153470
153476
153525
153543
153839
153911
153995
154013
154065
154079
154138
154279
154346
154502
154536
154654
154756
154768
154875
154940
155216
155237
155365
155415
155717
155788
155839
155899
155999
156205
156296
156783
156818
156858
157066
157072
157258
157496
157508
157513
157550
157638
157869
157930
157948
158308
158328
158697
158707
158771
158795
158895
159019
159023
159313
159320
159401
159629
159629
159664
159709
159758
159920
160021
160035
160048
160210
160322
160436
160454
160659
160683
160758
160859
161164
161227
161427
161567
161694
161732
161741
161843
161845
161880
161945
162158
162218
162350
162353
162527
162611
162711
162752
162768
162816
162828
162843
162870
162894
162907
163183
163912
163925
163954
164222
164420
164507
164658
164732
164891
164935
164988
165020
165078
165141
165239
165382
165493
165522
165528
165930
166021
166058
166071
166078
166367
166420
166489
166542
166691
166732
166782
166824
167076
167200
167237
167299
167320
167334
167367
167376
167453
167612
167681
167797
167805
167856
167948
167985
168223
168265
168606
168900
168981
168999
169043
169112
169112
169132
169249
169337
169430
169443
169635
169698
169751
169911
169932
170014
170163
170187
170202
170290
170465
170515
170523
170692
171281
171285
171298
171345
171364
171368
171411
171448
171449
171583
171820
172017
172265
172268
172277
172313
172359
172633
172808
172864
172943
173186
173229
173344
173439
173464
173693
173821
173828
173874
174014
174020
174063
174191
174192
174264
174406
174562
174587
174850
175058
175082
175085
175118
175120
175155
175325
175413
175467
175664
175850
176081
176116
176285
176509
176511
176805
177247
177436
177706
177744
177979
178247
178361
178425
178629
178646
178828
178832
179141
179185
179228
179482
179546
179555
179609
179623
179995
180166
180242
180263
180280
180285
180490
180499
180656
180755
180777
180913
181146
181160
181360
181493
181532
181576
181780
181868
181956
181960
182467
182482
182568
182572
182676
182829
183043
183118
183193
183243
183277
183392
183521
183641
183767
183988
184171
184175
184264
184369
184442
184564
184619
184732
184839
184891
185133
185156
185202
185284
185551
185648
185680
186031
186108
186326
186344
186363
186487
186501
186568
186584
186726
186844
186944
187115
187140
187357
187421
187529
187532
187614
187858
188052
188167
188508
188587
188600
188742
188761
189068
189129
189174
189209
189248
189357
189388
189501
189555
189625
189641
189817
189926
189926
189932
189996
190018
190147
190164
190245
190522
190536
190573
190600
190968
191161
191175
191216
191261
191581
191591
191663
191691
191769
191848
191858
191859
191918
192343
192391
192408
192605
192635
192822
192911
192934
192971
193011
193138
193210
193235
193244
193328
193332
193354
193373
193456
193522
193603
193753
193757
193774
193816
193903
194047
194090
194269
194537
194637
194735
194907
194911
194969
195006
195630
195668
195757
195758
195787
195879
196080
196128
196178
196263
196372
196574
196651
196688
196732
196759
196793
196804
196982
197174
197197
197209
197255
197281
197599
197648
197907
197962
198075
198447
198551
198575
198614
198643
198799
199076
199168
199307
199382
199432
199434
199677
199777
199808
199896
199953