186844
110960
139273
17016
111305
149317
2322
198075
177247
110456
30898
170163
51077
118740
52525
55380
118111
154279
113784
110389
79138
89708
88565
148658
82682
49215
124165
38573
85340
21812
80816
78047
79938
58351
37815
88167
99887
64671
38370
197648
154013
38009
101901
149073
139589
79023
175467
121650
45068
196982
122575
79744
116613
28664
148622
144009
46144
122954
174406
172017
140435
91962
167681
96231
12073
149032
175120
2737
182829
170692
171285
171298
22775
47751
59198
187115
73713
106514
114660
112297
120795
192343
23618
92516
158895
138439
148216
131284
155216
71747
66078
189248
166058
147250
17624
105230
15365
62507
117459
3508
107091
145720
29036
169112
75185
106411
149336
181160
11715
108177
123211
46953
129632
56977
102523
94624
121318
30457
119461
173229
119957
70074
6594
53828
87675
143261
10056
104370
19727
39732
170290
68973
34425
134458
170187
50450
149920
171281
79068
145220
56358
64800
168981
125950
137278
178361
106718
178828
133644
113577
74197
185284
188742
151523
124704
86909
181780
155717
31274
59057
61484
59714
11975
100953
67095
9177
142755
195879
33320
68066
192822
2176
148373
125583
194537
73502
171345
29976
150468
31559
4194
101521
115476
50489
52802
88732
43309
170515
159664
72323
10001
62633
107019
28559
186108
124234
41654
55285
142718
36013
49557
127027
19513
144822
153995
10761
132213
183043
59738
76138
10617
131753
15003
160859
125263
38784
20819
12935
88527
67841
95146
17522
106808
142795
69076
90328
80568
106942
60820
117640
139368
106776
198447
28733
155899
47186
179228
135682
131541
51575
193522
149051
108887
192934
106992
2123
157496
4974
61322
119309
173464
98975
191261
139326
190573
34843
77575
127785
197599
147264
198799
10728
161427
48878
179995
42966
23638
129027
31940
180
197255
79800
83664
3050
7027
92589
181146
42922
102604
154346
105276
162843
73471
146692
79271
24316
48737
39935
182482
43846
100155
117964
3171
138737
52815
20242
116159
62478
180242
68691
151672
107907
195006
100600
158328
152049
50445
188587
65105
166691
33676
21920
63605
15023
124441
56177
149485
160454
13751
166021
43136
147096
119358
44373
124954
20269
64740
142796
193328
68196
106454
99038
131342
186501
57536
32112
45220
5777
199896
32697
129720
38400
145299
161945
48027
33404
33355
146727
30504
145521
137558
171583
43554
70247
166367
96609
171820
32618
135153
83796
25850
51115
129500
181868
13616
32735
107381
52018
59256
159023
102149
119826
103592
20760
152334
189501
60896
178247
58352
170465
54713
33815
119715
65015
3290
126478
24592
104565
66141
133990
26130
152015
112942
122829
79213
188761
44349
60663
28140
112388
52847
29207
56069
78981
69995
49835
192605
87354
3939
105620
159401
123940
191859
47720
110888
160021
51217
1049
4527
157869
70041
115197
69243
21822
27444
2730
146067
150516
27263
60652
106955
183988
147132
5005
162158
73959
1342
109758
14853
184619
91699
58915
162711
60173
147259
123981
34970
29246
31174
77916
30153
199168
21172
76686
44204
187421
184442
50033
11176
65251
168223
125711
80862
133318
48981
61023
139711
2534
127616
47737
169112
84629
37365
19465
151943
50457
194907
130873
129254
48620
21043
55139
41856
37887
21612
183118
172313
57922
54758
102327
54680
157066
186344
151522
102987
18701
165382
58261
69435
123391
187529
9555
73431
159629
183521
71027
175082
162611
193757
59693
123564
86671
86082
53037
117195
199076
38171
78865
81068
19078
70367
126919
63172
184175
190018
13664
124979
43310
73632
79250
4146
106994
46368
3423
192635
30065
153543
136215
75441
128226
189932
33215
187532
152690
119037
36050
19405
167367
170523
48987
27670
130809
145952
165930
60151
180656
102938
83430
154768
153476
168900
95448
164988
180499
93883
40807
111205
52736
84232
138343
152473
13447
175664
64264
64103
121379
137198
196804
88605
11125
137017
189625
182568
153839
106182
127352
190536
40679
47576
85749
193011
125395
56374
48843
197197
78272
56659
123714
65515
14716
326
61483
31202
21144
126434
29556
189068
20774
95319
40332
137693
59284
22791
151437
114878
11659
117016
101726
59389
102882
6958
96949
124902
182676
103460
85743
101332
190245
141828
56611
26168
150659
161843
116188
140603
134139
44570
180777
115474
82987
86422
70464
127077
171448
73517
112697
21417
51415
141559
85716
126790
38417
192971
180490
76515
144602
183641
18525
184732
137404
85648
76719
3137
145081
75534
70675
46242
86681
56794
9388
23651
93396
16010
167453
167334
10079
36640
105319
40023
89332
86960
33838
170014
26586
91065
96679
50176
107475
102649
27405
75429
33037
189129
179546
66679
14833
131371
125343
134677
29923
158697
14805
27863
153470
25824
98963
99032
31995
34736
179482
126789
149285
101794
70689
57807
199307
146999
77491
95346
136561
173821
22098
86598
71790
19248
24786
142227
36034
159758
191591
175413
183767
45713
139004
196688
64285
89219
57503
160035
26407
31188
38489
184564
98843
163925
121537
24515
106459
52451
86160
101341
125436
152100
183277
126077
162870
131586
68852
63319
105338
92498
56269
112482
72934
191161
30594
75582
39105
85622
98816
31997
15808
172268
199953
44333
70381
51551
153330
155415
32994
7200
106116
96162
96186
47742
92533
53375
38418
61004
162907
28026
32140
21550
180280
31001
122945
158707
86926
160048
180166
183193
94986
54386
1748
34528
152047
43138
76362
167856
48450
92699
113090
163912
160322
33754
143320
47600
144194
55771
75350
64509
48885
169430
79821
135107
50325
54588
156858
19624
167320
21383
196080
8090
41014
18228
73548
120067
59128
86719
56647
69037
65893
57731
101368
124664
59962
115009
151803
140965
116360
95425
118863
155365
42260
151386
140085
105126
128053
5669
132391
71732
1093
153911
71694
129079
175155
8566
123869
77658
128114
47579
12332
34471
69413
128611
37004
179141
173874
177706
93410
7221
77463
191216
191918
100089
68324
81545
117259
22184
98090
147590
100475
114517
10944
197281
86411
141482
172808
68991
192391
43477
118224
63409
35595
55552
15803
26120
101873
75739
80068
117092
60946
151004
192408
143564
9740
161567
53934
123730
33739
147604
31159
32795
139035
188600
9020
65516
107416
144644
199432
166078
166420
75692
54397
70934
129608
17395
10890
142829
47887
97662
117631
91401
56773
105219
51407
191858
110780
108624
9343
142595
186726
187357
82039
154079
26057
109929
170202
180755
87172
148222
30404
150149
91177
161227
20393
163954
151777
195630
194637
41313
119334
19474
102976
167948
127063
108817
196263
60722
199808
177979
110620
147148
44937
142253
77051
134569
146958
199677
114001
199434
108758
167797
101452
16692
51989
199777
11596
51137
63560
141683
106232
96827
36765
67232
43385
64002
113684
154065
184171
184369
196128
70420
177436
73904
136441
28408
124890
12528
169443
159709
52107
58157
106382
17437
190522
135113
21160
116503
43561
112864
108502
77213
176081
40408
70703
148513
1914
70456
106519
17687
83291
96247
164732
157638
140244
68479
142439
23037
195787
138127
55777
104156
145609
68049
174264
95863
18206
3324
28282
79727
187858
105530
124401
101386
70430
56394
191663
95124
81572
140940
93091
106110
52448
66323
59693
142006
109918
32543
189357
126571
145068
137969
132005
102986
80588
36648
58974
161880
176509
180263
79148
124773
198643
15293
24589
87065
77462
173828
165020
97017
52717
90603
59806
188052
93240
75177
118296
189817
73808
53102
164935
144919
85487
106439
5018
182572
112055
90222
59323
157513
146917
99038
64146
178646
5586
45563
162353
13246
179609
101704
186326
154138
47504
126012
57024
132985
15354
191581
104090
127116
151002
21484
77459
154940
70829
32231
1346
172943
126456
5890
126247
134580
139989
161741
69246
17484
185202
85875
166071
31553
59294
179623
155839
197962
193753
182467
164891
153443
53414
122231
44715
101399
98190
116705
5033
25991
99600
99838
54921
67125
136123
2404
157072
14088
114572
16196
167299
60499
22112
8421
85544
25006
167612
151343
64083
7991
113332
45189
108673
51785
59291
109106
176116
154875
54292
12413
35469
15256
172277
115569
134138
127489
196178
5704
194269
155237
180913
42636
109348
139397
166732
59560
71131
157550
174020
70697
25222
39956
156205
117010
1520
142115
196574
28949
165239
109956
56434
4120
198551
154654
91854
23194
132740
110395
119348
141698
21894
27107
134730
113555
194911
60330
104177
19566
118674
30915
60180
52624
137234
9741
29941
67718
50290
73935
34788
159313
171368
185648
166542
121980
157930
47082
88107
53904
198575
58364
193774
26871
85637
84110
181360
67439
106862
172633
161845
10658
124854
137369
62048
105561
9584
159320
137976
93516
125019
22714
84176
35768
150035
190968
133674
78878
18241
124029
145559
62263
84202
92782
152151
179185
16131
111442
189388
123553
135879
102399
70324
21864
72698
185680
162894
150721
85141
112444
33724
160436
125872
67677
173693
90677
103645
72540
93372
169751
121460
185133
193235
75879
25339
178629
18799
169635
5855
77775
129120
51470
58978
193332
123365
58480
40972
45257
135550
92970
90287
71459
17613
4515
72847
1936
164507
73243
114426
113509
184839
197907
140600
161732
88747
163183
94599
87886
174562
6922
90879
98501
94286
134635
132081
39060
174587
193456
128869
152474
76290
196732
8599
985
100355
143140
2257
84232
113604
168265
128075
15759
42910
54566
6186
145288
190164
1997
127017
166824
134415
29982
137044
104886
189174
67953
110125
126525
68646
103777
157948
174850
8928
134887
178832
103814
27579
78758
90370
53503
61804
96758
144167
168999
70304
194735
167200
25510
76284
162828
165528
6974
100288
44353
8511
93954
191691
131069
79657
131300
122962
195758
51759
59242
191769
56784
110355
151860
107648
13528
88231
104881
103459
97699
20673
188167
80274
83045
111593
59639
61304
83736
110559
105555
55480
53403
128654
134868
153525
31985
49758
188508
120063
89341
30462
134154
115692
5534
103121
26118
156783
91490
37392
126980
46300
103336
44990
128655
194969
75499
159019
117965
88198
26568
164658
53028
191848
145046
118169
198614
144200
108014
171364
111003
175850
2320
55910
169337
14136
136251
99785
5429
52844
140392
106397
85814
105098
113564
12394
193603
172864
77811
87429
32577
89888
68765
141501
44135
184264
139365
155788
151869
96980
160659
185551
27697
70876
30960
193903
158771
78308
176285
135058
90007
59184
152103
144330
15008
117629
162218
23739
42070
46325
40583
160210
156296
187140
145267
189641
4934
58788
104407
189996
127732
79475
13895
124149
94361
102808
42830
193354
68265
88833
50972
58838
39366
54589
67602
186568
62019
179555
21200
47329
175058
157258
25891
12977
161694
164222
36104
53141
100901
110755
169932
143841
165522
7740
159629
162752
28002
161164
174014
1702
117720
75479
173439
110809
81928
73400
113046
30240
49834
54411
114329
190600
90448
95738
162816
61164
194090
15559
17487
26446
100909
196651
151798
133381
21885
120833
89035
183392
124322
129033
93261
176511
39139
158795
60230
38785
5329
61809
33827
187614
6212
153007
81084
186944
70520
189555
18706
173344
63936
116382
52571
56482
58521
82580
181576
171411
4607
7978
143159
93826
83266
193816
162350
21943
26864
167237
94281
160683
40603
126858
66790
166489
154756
114778
186031
33793
153218
92623
139849
103452
146101
19957
193244
39161
75260
121657
70647
16335
23122
169132
7276
49265
71686
29348
93459
151111
79518
162527
147973
124237
192911
167805
144980
154536
644
106
60368
73542
39309
138117
82754
63002
132048
155999
119049
168606
37728
55863
143735
81095
22293
77011
145281
76370
58359
27264
87891
69067
109801
101055
91142
183243
181493
169249
6929
189926
70413
117295
36435
151916
31394
119769
89580
3683
189926
165141
111287
165078
148495
128313
122716
81679
8837
193373
105850
100397
113229
164420
61947
8312
41036
186363
181960
79944
156818
57568
19415
169698
95435
147844
143934
57046
184891
55703
79054
101632
65872
113836
109898
143669
173186
20823
120795
125922
132491
147960
185156
53919
152880
195757
77956
78578
135338
165493
160758
195668
177744
44418
63036
174191
148148
174063
29273
57170
180285
76130
181956
103887
73201
70750
119652
197209
32984
138674
22952
125463
97126
18143
90062
73733
25126
116958
31315
78719
150904
48429
20494
14498
194047
36412
86483
137907
63423
114490
12652
9486
124353
83652
22824
29701
82322
102203
70653
108479
176805
82190
18239
16760
105324
28668
81805
162768
147965
118916
143545
114323
186487
88484
48753
96088
8892
31637
6543
30843
37142
42847
89532
41321
196793
106869
65181
51212
85945
130837
151743
71612
7615
133720
133663
107303
136408
106426
175118
21907
167376
53706
97812
166782
10010
72173
158308
84659
136434
98516
132617
1401
132104
30642
172265
174192
175325
191175
115976
148785
17735
113128
49478
31086
147994
99496
39475
9944
178425
119224
175085
21928
7730
90389
41133
138887
47935
35230
49884
167076
56364
43624
9748
169043
171449
59465
89840
199382
9633
128701
55619
142505
20084
196759
43879
169911
37426
136098
65676
85817
154502
157508
167985
9
186584
87133
51726
193210
102393
172359
42449
22104
28646
181532
28928
122533
126376
108448
84609
7632
151351
115526
104040
189209
196372
159920
103168
107923
193138
133855
99001
5649
130652
59022
69611
36090
64093
100840
197174
92651
49092
6413
36709
151732
129909
108197
64596
190147