112
274
478
480
681
807
849
989
1041
1075
1119
1276
1514
1570
1572
1672
1712
1760
1883
1897
2015
2057
2107
2153
2333
2428
2547
2661
2737
2744
2939
2994
3006
3164
3208
3258
3614
3627
3724
3996
4013
4255
4274
4317
4317
4327
4422
4443
4547
4791
4863
4866
4887
4995
5043
5053
5093
5189
5189
5331
5759
5945
6017
6349
6387
6405
6411
6468
6486
6527
6656
6735
6775
6819
6928
6965
7002
7077
7184
7194
7216
7549
7572
7656
7662
7670
7811
7838
7838
7861
8283
8469
8632
9205
9243
9392
9500
9589
9721
9796
9843
10023
10133
10515
10626
10724
10760
10763
10766
10827
10859
11069
11451
11673
11708
11741
11795
11946
11983
12012
12039
12179
12415
12435
12444
12503
12630
12833
12980
13053
13309
13356
13412
13488
13490
13517
13527
13544
13571
13587
13630
13654
13661
13679
13700
13833
13881
13956
14060
14063
14108
14251
14522
14564
15095
15141
15248
15481
15572
15721
15755
15765
16042
16311
16453
16506
16607
16629
16728
16767
16947
17069
17097
17193
17204
17396
17645
17735
17803
17816
17954
18004
18053
18066
18216
18221
18272
18401
18544
18620
18635
18688
18847
18850
19057
19124
19162
19257
19444
19456