19456
19444
19257
19162
19124
19057
18850
18847
18688
18635
18620
18544
18401
18272
18221
18216
18066
18053
18004
17954
17816
17803
17735
17645
17396
17204
17193
17097
17069
16947
16767
16728
16629
16607
16506
16453
16311
16042
15765
15755
15721
15572
15481
15248
15141
15095
14564
14522
14251
14108
14063
14060
13956
13881
13833
13700
13679
13661
13654
13630
13587
13571
13544
13527
13517
13490
13488
13412
13356
13309
13053
12980
12833
12630
12503
12444
12435
12415
12179
12039
12012
11983
11946
11795
11741
11708
11673
11451
11069
10859
10827
10766
10763
10760
10724
10626
10515
10133
10023
9843
9796
9721
9589
9500
9392
9243
9205
8632
8469
8283
7861
7838
7838
7811
7670
7662
7656
7572
7549
7216
7194
7184
7077
7002
6965
6928
6819
6775
6735
6656
6527
6486
6468
6411
6405
6387
6349
6017
5945
5759
5331
5189
5189
5093
5053
5043
4995
4887
4866
4863
4791
4547
4443
4422
4327
4317
4317
4274
4255
4013
3996
3724
3627
3614
3258
3208
3164
3006
2994
2939
2744
2737
2661
2547
2428
2333
2153
2107
2057
2015
1897
1883
1760
1712
1672
1572
1570
1514
1276
1119
1075
1041
989
849
807
681
480
478
274
112