15141
15755
11946
4013
4547
9721
5945
807
5189
7670
2661
19057
13488
17396
4995
14522
12630
3627
3006
13517
6819
12415
1041
7838
13544
13654
14063
6405
18688
1760
7662
9243
12039
2939
17645
19124
6775
15765
15721
7216
16042
3164
112
7194
19444
849
11741
19162
8469
16629
7184
12435
12444
12503
2333
2015
6387
274
8632
16453
10763
12833
6411
1712
18066
10827
4317
12179
17097
4327
4863
10859
6017
3258
5043
4866
1276
18847
6735
15248
9796
10023
15095
18272
18216
11795
13356
10133
2428
5189
4443
13630
1672
13412
17735
19257
14251
13881
6965
9205
12980
6349
11673
17193
1883
3996
5093
13661
5331
13700
13490
8283
1119
17954
2744
4274
989
2107
13679
9500
4791
17069
14564
681
1572
13956
478
2994
13309
5053
4317
11451
13833
16767
6486
17816
18221
13527
10515
4887
3724
4255
7656
10724
13587
14060
18850
19456
17204
7549
13053
5759
16311
6468
18053
16506
18635
11069
7002
7572
7861
2737
6656
17803
14108
10766
9843
16607
13571
9589
3208
10760
18004
1075
16947
2057
1514
11983
18544
15572
480
3614
2153
6527
9392
7838
1897
4422
7077
18401
6928
2547
18620
10626
7811
12012
16728
1570
15481
11708